0    1.3788
1    1.3895
2    1.4212
3    1.4726
4    1.5414
5    1.6257
6    1.7230
7    1.8316
8    1.9490
9    2.0741
10   2.2055
11   2.3420
12   2.4829
13   2.6274
14   2.7748
15   2.9247
16   3.0769
17   3.2307
18   3.3861
19   3.5427
20   3.7005
21   3.8594
22   4.0187
23   4.1791
24   4.3398
25   4.5010
26   4.6627
27   4.8250
28   4.9873
29   5.1500
30   5.3132
31   5.4763
32   5.6396
33   5.8032
34   5.9669
35   6.1307
36   6.2946
37   6.4587
38   6.6231
39   6.7872
40   6.9514
41   7.1157
42   7.2802
43   7.4447
44   7.6094
45   7.7738
46   7.9384
47   8.1031
48   8.2678
49   8.4325
50   8.5974
51   8.7621
52   8.9269
53   9.0917
54   9.2565
55   9.4214
56   9.5863
57   9.7515
58   9.9162
59   10.0811
60   10.2461
61   10.4110
62   10.5760
63   10.7410
64   10.9060
65   11.0711
66   11.2363
67   11.4013
68   11.5663
69   11.7313
70   11.8963
71   12.0614
72   12.2265
73   12.3916
74   12.5567
75   12.7218
76   12.8870
77   13.0520
78   13.2171
79   13.3823
80   13.5474
81   13.7125
82   13.8776
83   14.0428
84   14.2079
85   14.3731
86   14.5382
87   14.7034
88   14.8688
89   15.0339
90   15.1990
91   15.3641
92   15.5293
93   15.6944
94   15.8596
95   16.0248
96   16.1900
97   16.3552
98   16.5203
99   16.6855
100  16.8507
101  17.0159
102  17.1788
103  17.3287
104  17.4786
105  17.6286
106  17.7785
107  17.9284
108  18.0783
109  18.2283
110  18.3782
111  18.5281
112  18.6780
113  18.8280
114  18.9779
115  19.1278
116  19.2777
117  19.4277
118  19.5776
119  19.7275
120  19.8774
121  20.0274
122  20.1773
123  20.3272
124  20.4771
125  20.6271
126  20.7770
127  20.9269
128  21.0768
129  21.2268
130  21.3767
131  21.5266
132  21.6765
133  21.8265
134  21.9764
135  22.1263
136  22.2762
137  22.4262
138  22.5761
139  22.7260
140  22.8759
141  23.0259
142  23.1758
143  23.3257
144  23.4755
145  23.6024
146  23.7293
147  23.8562
148  23.9831
149  24.1100
150  24.2369
151  24.3638
152  24.4907
153  24.6176
154  24.7445
155  24.8714
156  24.9983
157  25.1252
158  25.2521
159  25.3791
160  25.5060
161  25.6329
162  25.7598
163  25.8867
164  26.0136
165  26.1405
166  26.2674
167  26.3943
168  26.5212
169  26.6481
170  26.7750
171  26.9019
172  27.0288
173  27.1557
174  27.2826
175  27.4095
176  27.5364
177  27.6633
178  27.7902
179  27.9171
180  28.0440
181  28.1709
182  28.2978
183  28.4247
184  28.5516
185  28.6785
186  28.8054
187  28.9324
188  29.0593
189  29.1862
190  29.3131
191  29.4400
192  29.5669
193  29.6938
194  29.8207
195  29.9476
196  30.0745
197  30.2014
198  30.3283
199  30.4552
200  30.5821
201  30.7090
202  30.8359
203  30.9628
204  31.0897
205  31.2166
206  31.3435
207  31.4704
208  31.5973
209  31.7242
210  31.8511
211  31.9780
212  32.1049
213  32.2318
214  32.3587
215  32.4857
216  32.6126
217  32.7395
218  32.8664
219  32.9933
220  33.1202
221  33.2471
222  33.3740
223  33.5009
224  33.6278
225  33.7547
226  33.8816
227  34.0085
228  34.1354
229  34.2623
230  34.3892
231  34.5161
232  34.6430
233  34.7699
234  34.8968
235  35.0237
236  35.1506
237  35.2775
238  35.4044
239  35.5313
240  35.6582
241  35.7851
242  35.9120
243  36.0390
244  36.1659
245  36.2928
246  36.4197
247  36.5466
248  36.6735
249  36.8004
250  36.9273
251  37.0542
252  37.1811
253  37.3080
254  37.4349
255  37.5618
256  37.6887
257  37.8156
258  37.9425
259  38.0694
260  38.1963
261  38.3232
262  38.4501
263  38.5770
264  38.7039
265  38.8308
266  38.9577
267  39.0846
268  39.2115
269  39.3384
270  39.4653
271  39.5923
272  39.7192
273  39.8461
274  39.9730
275  40.0999
276  40.2268
277  40.3537
278  40.4806
279  40.6075
280  40.7344
281  40.8613
282  40.9882
283  41.1151
284  41.2420
285  41.3689
286  41.4958
287  41.6227
288  41.7496
289  41.8765
290  42.0034
291  42.1303
292  42.2572
293  42.3841
294  42.5110
295  42.6379
296  42.7648
297  42.8917
298  43.0186
299  43.1455
300  43.2725
301  43.3994
302  43.5263
303  43.6532
304  43.7801
305  43.9070
306  44.0339
307  44.1608
308  44.2877
309  44.4146
310  44.5415
311  44.6684
312  44.7953
313  44.9222
314  45.0491
315  45.1760
316  45.3029
317  45.4298
318  45.5567
319  45.6836
320  45.8105
321  45.9374
322  46.0643
323  46.1912
324  46.3181
325  46.4450
326  46.5719
327  46.6988
328  46.8258
329  46.9527
330  47.0796
331  47.2065
332  47.3334
333  47.4603
334  47.5872
335  47.7141
336  47.8410
337  47.9679
338  48.0948
339  48.2217
340  48.3486
341  48.4755
342  48.6024
343  48.7293
344  48.8562
345  48.9831
346  49.1100
347  49.2369
348  49.3638
349  49.4907
350  49.6176
351  49.7445
352  49.8714
353  49.9983
354  50.1252
355  50.2521
356  50.3791
357  50.5060
358  50.6329
359  50.7598
360  50.8867
361  51.0136
362  51.1405
363  51.2674
364  51.3943
365  51.5212
366  51.6481
367  51.7750
368  51.9019
369  52.0288
370  52.1557
371  52.2826
372  52.4095
373  52.5364
374  52.6633
375  52.7902
376  52.9171
377  53.0440
378  53.1709
379  53.2978
380  53.4247
381  53.5516
382  53.6785
383  53.8055
384  53.9324
385  54.0593
386  54.1862
387  54.3131
388  54.4400
389  54.5669
390  54.6938
391  54.8207
392  54.9476
393  55.0745
394  55.2014
395  55.3283
396  55.4552
397  55.5821
398  55.7090
399  55.8359
400  55.9628
401  56.0897
402  56.2166
403  56.3435
404  56.4704
405  56.5973
406  56.7242
407  56.8511
408  56.9780
409  57.1049
410  57.2318
411  57.3587
412  57.4857
413  57.6126
414  57.7395
415  57.8664
416  57.9933
417  58.1202
418  58.2471
419  58.3740
420  58.5009
421  58.6278
422  58.7547
423  58.8816
424  59.0085
425  59.1354
426  59.2623
427  59.3892
428  59.5161
429  59.6430
430  59.7699
431  59.8968
432  60.0237
433  60.1506
434  60.2775
435  60.4044
436  60.5313
437  60.6582
438  60.7851
439  60.9120
440  61.0390
441  61.1659
442  61.2928
443  61.4197
444  61.5466
445  61.6735
446  61.8004
447  61.9273
448  62.0542
449  62.1811
450  62.3080
451  62.4349
452  62.5618
453  62.6887
454  62.8156
455  62.9425
456  63.0694
457  63.1963
458  63.3232
459  63.4501
460  63.5770
461  63.7039
462  63.8308
463  63.9577
464  64.0846
465  64.2115
466  64.3384
467  64.4653
468  64.5922
469  64.7192
470  64.8461
471  64.9730
472  65.0999
473  65.2268
474  65.3537
475  65.4806
476  65.6075
477  65.7344
478  65.8613
479  65.9882
480  66.1151
481  66.2420
482  66.3689
483  66.4958
484  66.6227
485  66.7496
486  66.8765
487  67.0034
488  67.1303
489  67.2572
490  67.3841
491  67.5110
492  67.6379
493  67.7648
494  67.8917
495  68.0186
496  68.1456
497  68.2725
498  68.3994
499  68.5263
500  68.6532
501  68.7801
502  68.9070
503  69.0339
504  69.1608
505  69.2877
506  69.4146
507  69.5415
508  69.6684
509  69.7953
510  69.9222
511  70.0491
512  70.1760
513  70.3029
514  70.4298
515  70.5567
516  70.6836
517  70.8105
518  70.9374
519  71.0643
520  71.1912
521  71.3181
522  71.4450
523  71.5719
524  71.6989
525  71.8258
526  71.9527
527  72.0796
528  72.2065
529  72.3334
530  72.4603
531  72.5872
532  72.7141
533  72.8410
534  72.9679
535  73.0948
536  73.2217
537  73.3486
538  73.4755
539  73.6024
540  73.7293
541  73.8562
542  73.9831
543  74.1100
544  74.2369
545  74.3638
546  74.4907
547  74.6176
548  74.7445
549  74.8714
550  74.9983
551  75.1252
552  75.2522
553  75.3791
554  75.5060
555  75.6329
556  75.7598
557  75.8867
558  76.0136
559  76.1405
560  76.2674
561  76.3943
562  76.5212
563  76.6481
564  76.7750
565  76.9019
566  77.0288
567  77.1557
568  77.2826
569  77.4095
570  77.5364
571  77.6633
572  77.7902
573  77.9171
574  78.0440
575  78.1709
576  78.2978
577  78.4247
578  78.5516
579  78.6785
580  78.8055
581  78.9324
582  79.0593
583  79.1862
584  79.3131
585  79.4400
586  79.5669
587  79.6938
588  79.8207
589  79.9476
590  80.0745
591  80.2014
592  80.3283
593  80.4552
594  80.5821
595  80.7090
596  80.8359
597  80.9628
598  81.0897
599  81.2166
600  81.3435
601  81.4704
602  81.5973
603  81.7242
604  81.8511
605  81.9780
606  82.1049
607  82.2318
608  82.3587
609  82.4856
610  82.6126
611  82.7395
612  82.8664
613  82.9933
614  83.1202
615  83.2471
616  83.3740
617  83.5009
618  83.6278
619  83.7547
620  83.8816
621  84.0085
622  84.1354
623  84.2623
624  84.3892
625  84.5161
626  84.6430
627  84.7699
628  84.8968
629  85.0237
630  85.1506
631  85.2775
632  85.4044
633  85.5313
634  85.6582
635  85.7851
636  85.9120
637  86.0389
638  86.1659
639  86.2928
640  86.4197
641  86.5466
642  86.6735
643  86.8004
644  86.9273
645  87.0542
646  87.1811
647  87.3080
648  87.4349
649  87.5618
650  87.6887
651  87.8156
652  87.9425
653  88.0694
654  88.1963
655  88.3232
656  88.4501
657  88.5770
658  88.7039
659  88.8308
660  88.9577
661  89.0846
662  89.2115
663  89.3384
664  89.4653
665  89.5922
666  89.7192
667  89.8461
668  89.9730
669  90.0999
670  90.2268
671  90.3537
672  90.4806
673  90.6075
674  90.7344
675  90.8613
676  90.9882
677  91.1151
678  91.2420
679  91.3689
680  91.4958
681  91.6227
682  91.7496
683  91.8765
684  92.0034
685  92.1303
686  92.2572
687  92.3841
688  92.5110
689  92.6379
690  92.7648
691  92.8917
692  93.0186
693  93.1456
694  93.2725
695  93.3994
696  93.5263
697  93.6532
698  93.7801
699  93.9070
700  94.0339
701  94.1608
702  94.2877
703  94.4146
704  94.5415
705  94.6684
706  94.7953
707  94.9222
708  95.0491
709  95.1760
710  95.3029
711  95.4298
712  95.5567
713  95.6836
714  95.8105
715  95.9374
716  96.0643
717  96.1912
718  96.3181
719  96.4450
720  96.5719
721  96.6989
722  96.8258
723  96.9527
724  97.0796
725  97.2065
726  97.3334
727  97.4603
728  97.5872
729  97.7141
730  97.8410
731  97.9679
732  98.0948
733  98.2217
734  98.3486
735  98.4755
736  98.6024
737  98.7293
738  98.8562
739  98.9831
740  99.1100
741  99.2369
742  99.3638
743  99.4907
744  99.6176
745  99.7445
746  99.8714
747  99.9983
748  100.1252
749  100.2522
750  100.3791
751  100.5060
752  100.6329
753  100.7598
754  100.8867
755  101.0136
756  101.1405
757  101.2674
758  101.3943
759  101.5212
760  101.6481
761  101.7750
762  101.9019
763  102.0288
764  102.1557
765  102.2826
766  102.4095
767  102.5364
768  102.6633
769  102.7902
770  102.9171
771  103.0440
772  103.1709
773  103.2978
774  103.4247
775  103.5516
776  103.6785
777  103.8055
778  103.9324
779  104.0593
780  104.1862
781  104.3131
782  104.4400
783  104.5669
784  104.6938
785  104.8207
786  104.9476
787  105.0745
788  105.2014
789  105.3283
790  105.4552
791  105.5821
792  105.7090
793  105.8359
794  105.9628
795  106.0897
796  106.2166
797  106.3435
798  106.4704
799  106.5973
800  106.7242
801  106.8511
802  106.9780
803  107.1049
804  107.2318
805  107.3587
806  107.4856
807  107.6126
808  107.7395
809  107.8664
810  107.9933
811  108.1202
812  108.2471
813  108.3740
814  108.5009
815  108.6278
816  108.7547
817  108.8816
818  109.0085
819  109.1354
820  109.2623
821  109.3892
822  109.5161
823  109.6430
824  109.7699
825  109.8968
826  110.0237
827  110.1506
828  110.2775
829  110.4044
830  110.5313
831  110.6582
832  110.7851
833  110.9120
834  111.0389
835  111.1659
836  111.2928
837  111.4197
838  111.5466
839  111.6735
840  111.8004
841  111.9273
842  112.0542
843  112.1811
844  112.3080
845  112.4349
846  112.5618
847  112.6887
848  112.8156
849  112.9425
850  113.0694
851  113.1963
852  113.3232
853  113.4501
854  113.5770
855  113.7039
856  113.8308
857  113.9577
858  114.0846
859  114.2115
860  114.3384
861  114.4653
862  114.5922
863  114.7192
864  114.8461
865  114.9730
866  115.0999
867  115.2268
868  115.3537
869  115.4806
870  115.6075
871  115.7344
872  115.8613
873  115.9882
874  116.1151
875  116.2420
876  116.3689
877  116.4958
878  116.6227
879  116.7496
880  116.8765
881  117.0034
882  117.1303
883  117.2572
884  117.3841
885  117.5110
886  117.6379
887  117.7648
888  117.8917
889  118.0186
890  118.1456
891  118.2725
892  118.3994
893  118.5263
894  118.6532
895  118.7801
896  118.9070
897  119.0339
898  119.1608
899  119.2877
900  119.4146
901  119.5415
902  119.6684
903  119.7953
904  119.9222
905  120.0491
906  120.1760
907  120.3029
908  120.4298
909  120.5567
910  120.6836
911  120.8105
912  120.9374
913  121.0643
914  121.1912
915  121.3181
916  121.4450
917  121.5719
918  121.6989
919  121.8258
920  121.9527
921  122.0796
922  122.2065
923  122.3334
924  122.4603
925  122.5872
926  122.7141
927  122.8410
928  122.9679
929  123.0948
930  123.2217
931  123.3486
932  123.4755
933  123.6024
934  123.7293
935  123.8562
936  123.9831
937  124.1100
938  124.2369
939  124.3638
940  124.4907
941  124.6176
942  124.7445
943  124.8714
944  124.9983
945  125.1252
946  125.2522
947  125.3791
948  125.5060
949  125.6329
950  125.7598
951  125.8867
952  126.0136
953  126.1405
954  126.2674
955  126.3943
956  126.5212
957  126.6481
958  126.7750
959  126.9019
960  127.0288
961  127.1557
962  127.2826
963  127.4095
964  127.5364
965  127.6633
966  127.7902
967  127.9171
968  128.0440
969  128.1709
970  128.2978
971  128.4247
972  128.5516
973  128.6785
974  128.8055
975  128.9324
976  129.0592
977  129.1862
978  129.3131
979  129.4400
980  129.5669
981  129.6938
982  129.8207
983  129.9476
984  130.0745
985  130.2014
986  130.3283
987  130.4552
988  130.5821
989  130.7090
990  130.8359
991  130.9628
992  131.0897
993  131.2166
994  131.3435
995  131.4704
996  131.5973
997  131.7242
998  131.8511
999  131.9780
1000 132.1049
1001 132.2318
1002 132.3587
1003 132.4857
1004 132.6125
1005 132.7395
1006 132.8664
1007 132.9933
1008 133.1202
1009 133.2471
1010 133.3740
1011 133.5009
1012 133.6278
1013 133.7547
1014 133.8816
1015 134.0085
1016 134.1354
1017 134.2623
1018 134.3892
1019 134.5161
1020 134.6430
1021 134.7699
1022 134.8968
1023 135.0237
1024 135.1506
1025 135.2775
1026 135.4044
1027 135.5313
1028 135.6582
1029 135.7851
1030 135.9120
1031 136.0390
1032 136.1658
1033 136.2928
1034 136.4197
1035 136.5466
1036 136.6735
1037 136.8004
1038 136.9273
1039 137.0542
1040 137.1811
1041 137.3080
1042 137.4349
1043 137.5618
1044 137.6887
1045 137.8156
1046 137.9425
1047 138.0694
1048 138.1963
1049 138.3232
1050 138.4501
1051 138.5770
1052 138.7039
1053 138.8308
1054 138.9577
1055 139.0846
1056 139.2115
1057 139.3384
1058 139.4653
1059 139.5923
1060 139.7191
1061 139.8461
1062 139.9730
1063 140.0999
1064 140.2268
1065 140.3537
1066 140.4806
1067 140.6075
1068 140.7344
1069 140.8613
1070 140.9882
1071 141.1151
1072 141.2420
1073 141.3689
1074 141.4958
1075 141.6227
1076 141.7496
1077 141.8765
1078 142.0034
1079 142.1303
1080 142.2572
1081 142.3841
1082 142.5110
1083 142.6379
1084 142.7648
1085 142.8917
1086 143.0186
1087 143.1456
1088 143.2725
1089 143.3994
1090 143.5263
1091 143.6532
1092 143.7801
1093 143.9070
1094 144.0339
1095 144.1608
1096 144.2877
1097 144.4146
1098 144.5415
1099 144.6684
1100 144.7953
1101 144.9222
1102 145.0491
1103 145.1760
1104 145.3029
1105 145.4298
1106 145.5567
1107 145.6836
1108 145.8105
1109 145.9374
1110 146.0643
1111 146.1912
1112 146.3181
1113 146.4450
1114 146.5719
1115 146.6989
1116 146.8258
1117 146.9527
1118 147.0796
1119 147.2065
1120 147.3334
1121 147.4603
1122 147.5872
1123 147.7141
1124 147.8410
1125 147.9679
1126 148.0948
1127 148.2217
1128 148.3486
1129 148.4755
1130 148.6024
1131 148.7293
1132 148.8562
1133 148.9831
1134 149.1100
1135 149.2369
1136 149.3638
1137 149.4907
1138 149.6176
1139 149.7445
1140 149.8714
1141 149.9983
1142 150.1252
1143 150.2522
1144 150.3791
1145 150.5060
1146 150.6329
1147 150.7598
1148 150.8867
1149 151.0136
1150 151.1405
1151 151.2674
1152 151.3943
1153 151.5212
1154 151.6481
1155 151.7750
1156 151.9019
1157 152.0288
1158 152.1557
1159 152.2826
1160 152.4095
1161 152.5364
1162 152.6633
1163 152.7902
1164 152.9171
1165 153.0440
1166 153.1709
1167 153.2978
1168 153.4247
1169 153.5516
1170 153.6785
1171 153.8055
1172 153.9324
1173 154.0592
1174 154.1862
1175 154.3131
1176 154.4400
1177 154.5669
1178 154.6938
1179 154.8207
1180 154.9476
1181 155.0745
1182 155.2014
1183 155.3283
1184 155.4552
1185 155.5821
1186 155.7090
1187 155.8359
1188 155.9628
1189 156.0897
1190 156.2166
1191 156.3435
1192 156.4704
1193 156.5973
1194 156.7242
1195 156.8511
1196 156.9780
1197 157.1049
1198 157.2318
1199 157.3587
1200 157.4857
1201 157.6125
1202 157.7395
1203 157.8664
1204 157.9933
1205 158.1202
1206 158.2471
1207 158.3740
1208 158.5009
1209 158.6278
1210 158.7547
1211 158.8816
1212 159.0085
1213 159.1354
1214 159.2623
1215 159.3892
1216 159.5161
1217 159.6430
1218 159.7699
1219 159.8968
1220 160.0237
1221 160.1506
1222 160.2775
1223 160.4044
1224 160.5313
1225 160.6582
1226 160.7851
1227 160.9120
1228 161.0390
1229 161.1658
1230 161.2928
1231 161.4197
1232 161.5466
1233 161.6735
1234 161.8004
1235 161.9273
1236 162.0542
1237 162.1811
1238 162.3080
1239 162.4349
1240 162.5618
1241 162.6887
1242 162.8156
1243 162.9425
1244 163.0694
1245 163.1963
1246 163.3232
1247 163.4501
1248 163.5770
1249 163.7039
1250 163.8308
1251 163.9577
1252 164.0846
1253 164.2115
1254 164.3384
1255 164.4653
1256 164.5923
1257 164.7191
1258 164.8461
1259 164.9730
1260 165.0999
1261 165.2268
1262 165.3537
1263 165.4806
1264 165.6075
1265 165.7344
1266 165.8613
1267 165.9882
1268 166.1151
1269 166.2420
1270 166.3689
1271 166.4958
1272 166.6227
1273 166.7496
1274 166.8765
1275 167.0034
1276 167.1303
1277 167.2572
1278 167.3841
1279 167.5110
1280 167.6379
1281 167.7648
1282 167.8917
1283 168.0186
1284 168.1456
1285 168.2725
1286 168.3994
1287 168.5263
1288 168.6532
1289 168.7801
1290 168.9070
1291 169.0339
1292 169.1608
1293 169.2877
1294 169.4146
1295 169.5415
1296 169.6684
1297 169.7953
1298 169.9222
1299 170.0491
1300 170.1760
1301 170.3029
1302 170.4298
1303 170.5567
1304 170.6836
1305 170.8105
1306 170.9374
1307 171.0643
1308 171.1912
1309 171.3181
1310 171.4450
1311 171.5719
1312 171.6989
1313 171.8258
1314 171.9527
1315 172.0796
1316 172.2065
1317 172.3334
1318 172.4603
1319 172.5872
1320 172.7141
1321 172.8410
1322 172.9679
1323 173.0948
1324 173.2217
1325 173.3486
1326 173.4755
1327 173.6024
1328 173.7293
1329 173.8562
1330 173.9831
1331 174.1100
1332 174.2369
1333 174.3638
1334 174.4907
1335 174.6176
1336 174.7445
1337 174.8714
1338 174.9983
1339 175.1252
1340 175.2522
1341 175.3791
1342 175.5060
1343 175.6329
1344 175.7598
1345 175.8867
1346 176.0136
1347 176.1405
1348 176.2674
1349 176.3943
1350 176.5212
1351 176.6481
1352 176.7750
1353 176.9019
1354 177.0288
1355 177.1557
1356 177.2826
1357 177.4095
1358 177.5364
1359 177.6633
1360 177.7902
1361 177.9171
1362 178.0440
1363 178.1709
1364 178.2978
1365 178.4247
1366 178.5516
1367 178.6785
1368 178.8055
1369 178.9324
1370 179.0592
1371 179.1862
1372 179.3131
1373 179.4400
1374 179.5669
1375 179.6938
1376 179.8207
1377 179.9476
1378 180.0745
1379 180.2014
1380 180.3283
1381 180.4552
1382 180.5821
1383 180.7090
1384 180.8359
1385 180.9628
1386 181.0897
1387 181.2166
1388 181.3435
1389 181.4704
1390 181.5973
1391 181.7242
1392 181.8511
1393 181.9780
1394 182.1049
1395 182.2318
1396 182.3587
1397 182.4857
1398 182.6125
1399 182.7395
1400 182.8664
1401 182.9933
1402 183.1202
1403 183.2471
1404 183.3740
1405 183.5009
1406 183.6278
1407 183.7547
1408 183.8816
1409 184.0085
1410 184.1354
1411 184.2623
1412 184.3892
1413 184.5161
1414 184.6430
1415 184.7699
1416 184.8968
1417 185.0237
1418 185.1506
1419 185.2775
1420 185.4044
1421 185.5313
1422 185.6582
1423 185.7851
1424 185.9120
1425 186.0390
1426 186.1658
1427 186.2928
1428 186.4197
1429 186.5466
1430 186.6735
1431 186.8004
1432 186.9273
1433 187.0542
1434 187.1811
1435 187.3080
1436 187.4349
1437 187.5618
1438 187.6887
1439 187.8156
1440 187.9425
1441 188.0694
1442 188.1963
1443 188.3232
1444 188.4501
1445 188.5770
1446 188.7039
1447 188.8308
1448 188.9577
1449 189.0846
1450 189.2115
1451 189.3384
1452 189.4653
1453 189.5923
1454 189.7191
1455 189.8461
1456 189.9730
1457 190.0999
1458 190.2268
1459 190.3537
1460 190.4806
1461 190.6075
1462 190.7344
1463 190.8613
1464 190.9882
1465 191.1151
1466 191.2420
1467 191.3689
1468 191.4958
1469 191.6227
1470 191.7496
1471 191.8765
1472 192.0034
1473 192.1303
1474 192.2572
1475 192.3841
1476 192.5110
1477 192.6379
1478 192.7648
1479 192.8917
1480 193.0186
1481 193.1456
1482 193.2725
1483 193.3994
1484 193.5263
1485 193.6532
1486 193.7801
1487 193.9070
1488 194.0339
1489 194.1608
1490 194.2877
1491 194.4146
1492 194.5415
1493 194.6684
1494 194.7953
1495 194.9222
1496 195.0491
1497 195.1760
1498 195.3029
1499 195.4298
1500 195.5567
1501 195.6836
1502 195.8105
1503 195.9374
1504 196.0643
1505 196.1912
1506 196.3181
1507 196.4450
1508 196.5719
1509 196.6989
1510 196.8258
1511 196.9527
1512 197.0796
1513 197.2065
1514 197.3334
1515 197.4603
1516 197.5872
1517 197.7141
1518 197.8410
1519 197.9679
1520 198.0948
1521 198.2217
1522 198.3486
1523 198.4755
1524 198.6024
1525 198.7293
1526 198.8562
1527 198.9831
1528 199.1100
1529 199.2369
1530 199.3638
1531 199.4907
1532 199.6176
1533 199.7445
1534 199.8714
1535 199.9983
1536 200.1252
1537 200.2522
1538 200.3791
1539 200.5060
1540 200.6329
1541 200.7598
1542 200.8867
1543 201.0136
1544 201.1405
1545 201.2674
1546 201.3943
1547 201.5212
1548 201.6481
1549 201.7750
1550 201.9019
1551 202.0288
1552 202.1557
1553 202.2826
1554 202.4095
1555 202.5364
1556 202.6633
1557 202.7902
1558 202.9171
1559 203.0440
1560 203.1709
1561 203.2978
1562 203.4247
1563 203.5516
1564 203.6785
1565 203.8055
1566 203.9324
1567 204.0592
1568 204.1862
1569 204.3131
1570 204.4400
1571 204.5669
1572 204.6938
1573 204.8207
1574 204.9476
1575 205.0745
1576 205.2014
1577 205.3283
1578 205.4552
1579 205.5821
1580 205.7090
1581 205.8359
1582 205.9628
1583 206.0897
1584 206.2166
1585 206.3435
1586 206.4704
1587 206.5973
1588 206.7242
1589 206.8511
1590 206.9780
1591 207.1049
1592 207.2318
1593 207.3587
1594 207.4857
1595 207.6125
1596 207.7395
1597 207.8664
1598 207.9933
1599 208.1202
1600 208.2471
1601 208.3740
1602 208.5009
1603 208.6278
1604 208.7547
1605 208.8816
1606 209.0085
1607 209.1354
1608 209.2623
1609 209.3892
1610 209.5161
1611 209.6430
1612 209.7699
1613 209.8968
1614 210.0237
1615 210.1506
1616 210.2775
1617 210.4044
1618 210.5313
1619 210.6582
1620 210.7851
1621 210.9120
1622 211.0390
1623 211.1658
1624 211.2928
1625 211.4197
1626 211.5466
1627 211.6735
1628 211.8004
1629 211.9273
1630 212.0542
1631 212.1811
1632 212.3080
1633 212.4349
1634 212.5618
1635 212.6887
1636 212.8156
1637 212.9425
1638 213.0694
1639 213.1963
1640 213.3232
1641 213.4501
1642 213.5770
1643 213.7039
1644 213.8308
1645 213.9577
1646 214.0846
1647 214.2115
1648 214.3384
1649 214.4653
1650 214.5923
1651 214.7191
1652 214.8461
1653 214.9730
1654 215.0999
1655 215.2268
1656 215.3537
1657 215.4806
1658 215.6075
1659 215.7344
1660 215.8613
1661 215.9882
1662 216.1151
1663 216.2420
1664 216.3689
1665 216.4958
1666 216.6227
1667 216.7496
1668 216.8765
1669 217.0034
1670 217.1303
1671 217.2572
1672 217.3841
1673 217.5110
1674 217.6379
1675 217.7648
1676 217.8917
1677 218.0186
1678 218.1456
1679 218.2725
1680 218.3994
1681 218.5263
1682 218.6532
1683 218.7801
1684 218.9070
1685 219.0339
1686 219.1608
1687 219.2877
1688 219.4146
1689 219.5415
1690 219.6684
1691 219.7953
1692 219.9222
1693 220.0491
1694 220.1760
1695 220.3029
1696 220.4298
1697 220.5567
1698 220.6836
1699 220.8105
1700 220.9374
1701 221.0643
1702 221.1912
1703 221.3181
1704 221.4450
1705 221.5719
1706 221.6989
1707 221.8258
1708 221.9527
1709 222.0796
1710 222.2065
1711 222.3334
1712 222.4603
1713 222.5872
1714 222.7141
1715 222.8410
1716 222.9679
1717 223.0948
1718 223.2217
1719 223.3486
1720 223.4755
1721 223.6024
1722 223.7293
1723 223.8562
1724 223.9831
1725 224.1100
1726 224.2369
1727 224.3638
1728 224.4907
1729 224.6176
1730 224.7445
1731 224.8714
1732 224.9983
1733 225.1252
1734 225.2522
1735 225.3791
1736 225.5060
1737 225.6329
1738 225.7598
1739 225.8867
1740 226.0136
1741 226.1405
1742 226.2674
1743 226.3943
1744 226.5212
1745 226.6481
1746 226.7750
1747 226.9019
1748 227.0288
1749 227.1557
1750 227.2826
1751 227.4095
1752 227.5364
1753 227.6633
1754 227.7902
1755 227.9171
1756 228.0440
1757 228.1709
1758 228.2978
1759 228.4247
1760 228.5516
1761 228.6785
1762 228.8055
1763 228.9324
1764 229.0592
1765 229.1862
1766 229.3131
1767 229.4400
1768 229.5669
1769 229.6938
1770 229.8207
1771 229.9476
1772 230.0745
1773 230.2014
1774 230.3283
1775 230.4552
1776 230.5821
1777 230.7090
1778 230.8359
1779 230.9628
1780 231.0897
1781 231.2166
1782 231.3435
1783 231.4704
1784 231.5973
1785 231.7242
1786 231.8511
1787 231.9780
1788 232.1049
1789 232.2318
1790 232.3587
1791 232.4857
1792 232.6125
1793 232.7395
1794 232.8664
1795 232.9933
1796 233.1202
1797 233.2471
1798 233.3740
1799 233.5009
1800 233.6278
1801 233.7547
1802 233.8816
1803 234.0085
1804 234.1354
1805 234.2623
1806 234.3892
1807 234.5161
1808 234.6430
1809 234.7699
1810 234.8968
1811 235.0237
1812 235.1506
1813 235.2775
1814 235.4044
1815 235.5313
1816 235.6582
1817 235.7851
1818 235.9120
1819 236.0390
1820 236.1658
1821 236.2928
1822 236.4197
1823 236.5466
1824 236.6735
1825 236.8004
1826 236.9273
1827 237.0542
1828 237.1811
1829 237.3080
1830 237.4349
1831 237.5618
1832 237.6887
1833 237.8156
1834 237.9425
1835 238.0694
1836 238.1963
1837 238.3232
1838 238.4501
1839 238.5770
1840 238.7039
1841 238.8308
1842 238.9577
1843 239.0846
1844 239.2115
1845 239.3384
1846 239.4653
1847 239.5923
1848 239.7191
1849 239.8461
1850 239.9730
1851 240.0999
1852 240.2268
1853 240.3537
1854 240.4806
1855 240.6075
1856 240.7344
1857 240.8613
1858 240.9882
1859 241.1151
1860 241.2420
1861 241.3689
1862 241.4958
1863 241.6227
1864 241.7496
1865 241.8765
1866 242.0034
1867 242.1303
1868 242.2572
1869 242.3841
1870 242.5110
1871 242.6379
1872 242.7648
1873 242.8917
1874 243.0186
1875 243.1456
1876 243.2725
1877 243.3994
1878 243.5263
1879 243.6532
1880 243.7801
1881 243.9070
1882 244.0339
1883 244.1608
1884 244.2877
1885 244.4146
1886 244.5415
1887 244.6684
1888 244.7953
1889 244.9222
1890 245.0491
1891 245.1760
1892 245.3029
1893 245.4298
1894 245.5567
1895 245.6836
1896 245.8105
1897 245.9374
1898 246.0643
1899 246.1912
1900 246.3181
1901 246.4450
1902 246.5719
1903 246.6989
1904 246.8258
1905 246.9527
1906 247.0796
1907 247.2065
1908 247.3334
1909 247.4603
1910 247.5872
1911 247.7141
1912 247.8410
1913 247.9679
1914 248.0948
1915 248.2217
1916 248.3486
1917 248.4755
1918 248.6024
1919 248.7293
1920 248.8562
1921 248.9831
1922 249.1100
1923 249.2369
1924 249.3638
1925 249.4907
1926 249.6176
1927 249.7445
1928 249.8714
1929 249.9983
1930 250.1252
1931 250.2522
1932 250.3791
1933 250.5060
1934 250.6329
1935 250.7598
1936 250.8867
1937 251.0136
1938 251.1405
1939 251.2674
1940 251.3943
1941 251.5212
1942 251.6481
1943 251.7750
1944 251.9019
1945 252.0288
1946 252.1557
1947 252.2826
1948 252.4095
1949 252.5364
1950 252.6633
1951 252.7902
1952 252.9171
1953 253.0440
1954 253.1709
1955 253.2978
1956 253.4247
1957 253.5516
1958 253.6785
1959 253.8055
1960 253.9324
1961 254.0592
1962 254.1862
1963 254.3131
1964 254.4400
1965 254.5669
1966 254.6938
1967 254.8207
1968 254.9476
1969 255.0745
1970 255.2014
1971 255.3283
1972 255.4552
1973 255.5821
1974 255.7090
1975 255.8359
1976 255.9628
1977 256.0897
1978 256.2166
1979 256.3435
1980 256.4704
1981 256.5973
1982 256.7242
1983 256.8511
1984 256.9780
1985 257.1049
1986 257.2318
1987 257.3587
1988 257.4857
1989 257.6125
1990 257.7395
1991 257.8664
1992 257.9933
1993 258.1202
1994 258.2471
1995 258.3740
1996 258.5009
1997 258.6278
1998 258.7547
1999 258.8816
2000 259.0085
